3677
3758
3650
3687
3724
3670
3695
3735
3714
3736
3676
3683
3668
3654
3579
3659
3662
3659
3726
3692
3665
3748
3724
3666
3724
3700
3739
3727
3697
3705
3752
3678
3651
3663
3672
3634
3576
3582
3625
3549
3550
3576
3550
3590
3597
3626
3635
3636
3624
3605
3533
3527
3526
3579
3553
3694
3668
3649
3688
3830
3928
3862
3651
3517
3480
3416
3482
3490
3470
3459
3493
3521
3486
3502
3496
3408
3343
3368
3337
3307
3347
3334
3295
3304
3624
3802
4254
4484
4495
4383
4143
3979
3883
5052
6329
3952
3658
3613
3495
3251
3179
3171
3175
3168
3154
3428
3518
3459
3505
3600
3897
3931
3864
3665
3699
3651
3692
3705
3673
3684
3706
3681
3668
3694
3714
3679
3413
3380
3411
3418
3459
3567
3738
3575
3392
3625
3606
3481
3583
3744
3779
3744
3780
3808
3776
3819
3843
3821
3791
3811
3872
3807
3789
3882
3815
3812
3824
3912
3841
3865
3862
3898
3888
3879
3931
3839
3893
3926
3938
3845
3913
3933
3952
3911
3959
3922
3932
3911
3954
3958
3938
3930
3993
4000
3959
3966
4007
3995
4006
4025
3982
4021
4023
4031
4002
4020
4016
3993
3956
4012
4104
4018
3998
4060
4028
3975
4049
4053
3989
4028
4043
4037
3986
4020
4058
4003
4010
4071
4027
4029
4060
4047
4014
4050
4095
4048
4013
4073
4128
4082
4076
4086
4063
4034
4045
4059
4039
3990
4033
4001
4001
3997
4044
3896
3496
3505
3982
4022
3993
4030
3931
3662
3539
3891
4029
3949
3966
3994
3968
3911
3933
3963
3933
3960
3982
3953
3885
3939
3945
3778
3919
3938
3932
3906
3904
3967
3899
3890
3941
3908
3930
3863
3879
3943
3857
3896
3923
3948
3858
3873
3874
3661
3633
4906
5628
5001
4791
4720
4755
4743
4723
4167
3859
3748
3919
3856
4146
3762
3724
3556
3327
3461
3635
3619
3629
3680
3638
3633
3904
4430
3936
3642
4457
5009
4974
5331
6129
7374
7474
7963
8375
7941
6134
4588
4739
3856
3659
3640
3645
3566
3250
3191
3511
3543
3571
3596
3557
3519
3539
3564
3506
3560
3543
3597
3581
3501
3499
3478
3433
3433
3524
3509
3430
3423
3472
3446
3450
3504
3488
3411
3412
3438
3383
3387
3395
3424
3376
3358
3400
3422
3363
3368
3385
3394
3379
3348
3331
3357
3357
3308
3316
3335
3285
3339
3350
3300
3314
3306
3266
3258
3258
3306
3271
3283
3277
3230
3246
3323
3328
3343
3392
3404
3422
3406
3336
3375
3282
3436
3405
3254
3271
3250
3227
3208
3195
3206
3237
3218
3217
3187
3113
3186
3113
3163
3176
3046
2933
2931
2894
2883
2882
2898
2899
2879
2854
2863
2854
2870
2819
2881
2925
3014
3003
2994
2926
2894
2918
2907
2864
2919
2909
2933
2917
2894
2655
1674
1188
1006
979
1002
937
925
935
957
976
983
972
949
986
1004
1016
992
994
1019
1008
1022
1021
1058
1043
1015
1061
1020
1051
1433
2838
3200
3178
3258
3277
3230
3256
3297
3275
3232
3257
3260
3300
3280
3270
3288
3267
3287
3280
3299
3325
3277
3305
3314
3290
3300
3304
3323
3349
3304
3321
3295
3371
3333
3210
2819
1770
1341
1295
1334
1276
1271
1291
1282
1307
1320
1321
1297
1301
1275
1277
1297
1273
1308
1314
1286
1335
1275
1302
1253
1311
1283
1242
1292
1296
1314
1289
1250
1307
1292
1283
1353
2691
3163
3294
3332
3351
3330
3313
3335
3361
3364
3377
3346
3323
3337
3316
3334
3368
3300
3347
3359
3359
3339
3343
3405
3320
3334
3307
3337
3382
3306
3323
3378
3340
3331
3335
3362
3340
3311
3327
3292
3020
2082
1429
1351
1319
1330
1351
1357
1372
1347
1331
1356
1366
1351
1316
1339
1334
1315
1303
1355
1363
1396
1391
1345
1366
1373
1323
1351
1377
1357
1381
1381
1325
1333
1324
1300
1351
1340
2001
2916
3083
3104
3071
3045
3108
3096
3076
3081
3112
3095
3102
3096
3033
3049
3068
3089
3139
3005
3078
3100
3098
3193
3239
3179
3040
3055
3065
3075
3053
3087
3077
3084
3037
3003
3068
3052
3018
3015
3088
3081
3002
2872
2872
2848
2812
2803
2871
2841
2812
2799
2761
2708
2595
2519
2664
2708
2732
2817
2916
2959
2997
3001
2982
3005
2988
2999
2973
2956
2999
2897
2829
2732
2629
2592
2567
2610
2717
2824
2834
2913
2932
2986
2982
3012
3016
3054
3082
3074
3017
3023
3024
2959
2991
3031
3018
3072
3106
3240
3264
3209
2822
2770
2802
2857
3068
3271
3437
3487
3451
3481
3554
3486
3451
3502
3480
3483
3437
3361
3421
3426
3407
3417
3408
3385
3414
3384
3413
3448
3401
3374
3262
3118
3013
2968
2940
2881
2836
2819
2794
2731
2773
2763
2720
2718
2679
2708
2737
2753
2756
2783
2806
2779
2783
2766
2758
2750
2740
2754
2694
2649
2573
2693
2704
2836
2930
2942
2972
3014
3027
3050
3044
3088
3097
3075
3081
3105
3087
3057
3036
3086
3078
3058
2962
3051
3220
3290
3344
3399
3452
3445
3447
3423
3464
3459
3425
3392
3406
3443
3448
3441
3475
3428
3430
3469
3401
3438
3428
3470
3379
3453
3377
3506
3457
3451
3467
3473
3489
3469
3461
3487
3487
3487
3410
3460
3565
3546
3510
3500
3515
3550
3553
3554
3477
3530
3537
3536
3558
3564
3595
3490
3546
3573
3532
3493
3464
3564
3575
3524
3450
3472
3430
3436
3416
3474
3499
3534
3505
3535
3538
3569
3564
3516
3574
3576
3539
3546
3528
3535
3561
3558
3553
3522
3537
3553
3469
3382
3358
3350
3369
3272
3344
3384
3371
3354
3364
3408
3417
3360
3329
3387
3411
3406
3366
3364
3400
3388
3375
3408
3392
3402
3401
3343
3373
3345
3252
3179
3158
3172
3157
3183
3096
3099
3170
3171
3163
3124
3182
3166
3215
3203
3202
3182
3110
3093
3076
3130
3082
3118
3147
3147
3192
3180
3196
3263
3242
3213
3199
3170
3225
3233
3202
3234
3188
3221
3164
3171
3199
3191
3172
3162
3204
3198
3240
3174
3193
3265
3246
3173
3162
3227
3223
3239
3431
3909
3843
3361
3202
3197
3215
3164
3152
3171
3186
3194
3172
3185
3199
3203
3210
3193
3215
3142
3200
3154
3206
3193
3237
3228
3227
3164
3240
3308
3215
3198
3261
3261
3234
3203
3212
3268
3209
3204
3221
3277
3293
3228
3262
3315
3337
3218
3079
3109
3278
3255
3231
3272
3313
3265
3292
3354
3338
3328
3280
3252
3332
3355
3281
3237
3300
3328
3276
3307
3289
3318
3298