1874
1891
1892
1901
1915
1915
1915
1906
1899
1893
1892
1889
1875
1872
1870
1870
1870
1878
1882
1899
1925
1935
1949
1954
1976
1977
1998
2007
2008
2009
2031
2045
2054
2068
2076
2088
2105
2107
2122
2140
2151
2168
2177
2193
2203
2213
2216
2238
2238
2238
2231
2217
2214
2205
2202
2192
2187
2176
2175
2167
2160
2160
2159
2143
2142
2141
2135
2126
2120
2119
2112
2107
2095
2090
2090
2090
2085
2080
2070
2069
2063
2052
2046
2044
2037
2033
2028
2025
2023
2012
1992
1988
1982
1979
1969
1966
1957
1953
1950
1948
1945
1941
1938
1937
1931
1927
1920
1916
1914
1911
1905
1898
1898
1897
1897
1892
1892
1887
1886
1881
1880
1880
1880
1879
1880
1883
1873
1873
1873
1863
1859
1859
1859
1857
1854
1854
1851
1850
1842
1842
1839
1837
1837
1837
1834
1834
1831
1831
1831
1828
1824
1828
1828
1827
1827
1827
1825
1824
1809
1809
1809
1809
1818
1820
1820
1807
1808
1808
1808
1814
1814
1814
1809
1806
1806
1800
1806
1809
1809
1806
1806
1806
1803
1803
1800
1803
1803
1803
1804
1804
1804
1804
1804
1802
1802
1803
1803
1803
1805
1809
1809
1809
1809
1809
1809
1809
1809
1814
1814
1806
1806
1809
1806
1804
1802
1802
1802
1804
1809
1814
1817
1817
1817
1817
1816
1813
1816
1814
1814
1814
1816
1816
1818
1823
1823
1823
1823
1825
1823
1825
1834
1839
1846
1865
1868
1873
1873
1875
1875
1877
1875
1879
1883
1891
1892
1892
1892
1897
1897
1898
1904