3276
3252
3302
3327
3371
3408
3426
3362
3368
3443
3440
3300
3328
3390
3405
3392
3313
3247
3237
3149
3257
3258
3252
3234
3215
3192
3194
3204
3212
3146
3174
3175
3073
2921
2935
2900
2920
2927
2913
2875
2885
2874
2883
2881
2879
2851
2897
3011
3048
3062
3011
2955
2912
2956
2904
2925
2913
2943
2913
2936
2877
2611
1639
1157
1040
996
996
1012
962
1007
1007
962
1029
987
1017
1011
1033
995
1048
1066
1025
1040
1074
1041
1093
1081
1050
1063
1061
1063
1259
2769
3112
3227
3222
3267
3283
3223
3255
3275
3295
3271
3253
3273
3339
3298
3277
3312
3293
3279
3309
3287
3313
3293
3319
3319
3317
3354
3371
3292
3352
3361
3339
3317
3368
3345
3130
2535
1634
1397
1354
1328
1345
1312
1296
1317
1326
1319
1328
1303
1325
1325
1368
1333
1313
1336
1306
1325
1334
1324
1349
1374
1336
1303
1301
1313
1327
1311
1312
1315
1314
1329
1303
1372
2702
3139
3290
3304
3357
3344
3362
3350
3358
3355
3352
3359
3392
3327
3339
3373
3390
3389
3374
3348
3362
3383
3355
3351
3347
3377
3359
3322
3351
3363
3385
3346
3353
3357
3355
3374
3342
3382
3397
3325
3176
2605
1616
1428
1417
1398
1407
1418
1417
1420
1389
1403
1386
1432
1406
1403
1413
1368
1395
1416
1370
1380
1454
1434
1422
1380
1373
1399
1429
1404
1408
1421
1372
1394
1411
1357
1342
1349
1450
2573
3023
3059
3091
3108
3123
3099
3098
3110
3102
3073
3082
3082
3078
3072
3032
3057
3082