878
881
881
890
896
896
896
896
901
905
912
913
919
919
921
933
933
933
933
933
937
937
957
958
961
963
967
967
978
980
981
980
982
985
1001
1002
1009
1012
1012
1018
1026
1029
1033
1035
1038
1048
1050
1054
1054
1058
1068
1070
1072
1073
1075
1078
1085
1085
1085
1087
1096
1098
1098
1106
1124
1139
1149
1149
1149
1141
1139
1139
1136
1133
1133
1133
1135
1156
1157
1160
1162
1162
1162
1161
1041
1020
1018
1016
1016
1014
1002
1002
990
989
989
990
1004
1040
1139
1290
1309
1335
1347
1351
1365
1386
1396
1414
1414
1396
1339
1339
1339
1508
1513
1514
1513
1513
1510
1501
1499
1498
1494
1482
1457
1415
1391
1372
1372
1367
1364
1362
1364
1364
1384
1419
1419
1425
1425
1425
1429
1429
1429
1426
1418
1414
1414
1412
1412
1412
1411
1409
1398
1395
1395
1395
1402
1402
1402
1395
1386
1375
1375
1374
1375
1370
1366
1366
1366
1360
1361
1359
1359
1361
1361
1361
1361
1353
1353
1351
1349
1348
1348
1347
1347
1345
1346
1344
1344
1344
1344
1340
1330
1330
1330
1331
1328
1331
1331
1331
1328
1327
1327
1325
1325
1325
1326
1326
1326
1326
1326
1325
1324
1324
1324
1324
1317
1320
1317
1317
1320
1320
1319
1322
1319
1319
1318
1318
1318
1318
1318
1318
1317
1316
1316
1317
1316
1316
1315
1315
1315
1315
1320
1320
1316
1320
1320
1321
1322
1322
1322
1313
1313
1313
1317
1324
1324
1324
1319
1319
1319
1327
1327
1328
1329
1328
1328
1329
1330
1334
1334
1336
1334
1332
1332
1340
1330
1340
1344
1344
1341
1344
1344
1347
1347
1349
1350
1350
1353
1353
1350
1344
1304
1304
1303
1303
1304
1304
1311
1314
1326
1334
1334
1334
1077
1077
1077
1314
1400
1452
1477
1486
1488
1501
1504
1504
1501
1498
1334
1008
948
906
906
906
910
916
916
916
916
915
915
915
925
935
1002
1373
1518
1541
1541
1541
1550
1550
1550
1571
1586
1587
1594
1594
1594
1598
1598
1604
1605
1613
1620
1623
1632
1633
1633
1636
1658
1663
1663
1663
1664
1666
1666
1679
1683
1684
1693
1696
1701
1713
1715
1716
1729
1729
1738
1744
1744
1749
1758
1758
1771
1777
1778
1786
1794
1800
1808
1819
1819
1826
1828
1834
1837
1851
1861
1861
1864
1884
1894
1906
1908
1911
1917
1918
1927
1927
1927
1915
1915
1913
1913
1903
1896
1891
1891
1891
1892
1896
1906
1934
1953
1970
1990
2000
2006
2008
2011
2026
2029
2046
2064
2072
2084
2110
2110
2112
2117
2136
2153
2173
2180
2195
2195
2213
2222
2237
2251
2254
2254
2251
2242
2233
2221
2221
2219
2215
2208
2193
2189
2183
2181
2174
2172
2159
2153
2142
2142
2142
2136
2138
2136
2133
2120
2117
2103
2103
2098
2089
2086
2084
2082
2073
2058
2048
2043
2043
2042
2042
2042
2014
2011
1998
1996
1991
1991
1989
1984
1977
1973
1965
1964
1959
1957
1956
1955
1951
1949
1942
1931
1927
1923
1916
1916
1915
1915
1909
1909
1907
1907
1894
1894
1894
1894
1897
1897
1897
1892
1883
1883
1880
1877
1876
1876
1875
1875
1875
1869
1869
1869
1869
1862
1853
1853
1853
1853
1845
1845
1845
1844
1845
1844
1844
1839
1838
1834
1837
1837
1837
1825
1822
1822
1836
1829
1835
1835
1829
1829
1829
1827
1826
1820
1819
1819
1819
1819
1818
1818
1815
1812
1812
1815
1816
1821
1821
1821
1813
1811
1811
1813
1816
1818
1818
1817
1817
1819
1819
1819
1820
1822
1822
1822
1823
1831
1831
1831
1826
1826
1823
1826
1823
1814
1813
1814
1814
1815
1818
1818
1818
1818
1819
1827
1829
1830
1834
1830
1830
1830
1825
1822
1825
1825
1821
1821
1830
1830
1841
1845
1845
1846
1860
1860
1871
1878
1882
1885
1890
1894
1894
1890
1890
1896
1896
1897
1902
1906
1906
1902
1885
1758
1700
1692
1679
1678
1672
1671
1671
1677
1677
1678
1685
1688
1688
1678
1668
1668
1668
1667
1667
1665
1665
1664
1662
1662
1658
1654
1653
1653
1648
1644
1637
1632
1624
1619
1619
1580
1510
1494
1475
1444
1434
1414
1414
1412
1414
1414
1412
1410
1407
1401
1401
1395
1394
1389
1385
1372
1363
1345
1335
1251
1212
1198
1191
1187
1177
1168
1168
1165
1165
1165
1165
1157
1146
1146
1146
1137
1134
1134
1123
1119
1117
1057
941
900
886
865
845
769
757
756
752
752
747
747
748
747
748
748
747
747
747
741
741
741
736
736
736
735
735
735
735
730
731
731
730
730
729
725
724
716
716
716
716
717
719
719
719
702
695
695
686
686
685
685
685
685
677
664
662
660
658
657
642
618
618
608
601
600
587
579
579
575
570
563
556
556
550
550
549
549
549
548
542
532
518
517
514
502
500
500
495
495
500
494
494
495
501
501
503
503
501
495
495
495
498
501
507
507
507
507
507
507
507
509
511
511
511
509
509
509
515
517
523
526
526
523
520
518
517
517
520
517
520
520
519
519
519
519
515
515
515
515
515
520
520
512
512
512
511
505
505
505
505
510
511
511
511
505
504
504
505
505
505
507
505
501
500
499
499
498
490
490
491
490
491
492
491
492
492
488
488
491
488
488
481
481
481
483
484
486
493
493
488
486
484
484
484
489
492
492
492
489
488
488
488
488
488
487
488
482
482
488
488
491
491
491
486
486
486
492
492
492
492
491
491
492
495
492
495
495
497
497
501
497
502
507
507
497
498
496
494
493
496
496
505
505
505
504
498
498
504
499
499
505
499
499
504
506
506
513
513
515
515
515
517
533
559
663
950
1034
1037
1037
1037
1035
1033
1033
1031
1030
1028
1025
1019
1019
1018
1008
999
999
999
1008
1015
1015
1008
992
992
992
992
992
991
990
990
990
990
990
990
982
981
977
966
966
966
974
974
974
942
942
942
946
950
951
951
951
951
952
952
952
952
950
947
947
947
945
941
940
936
936
936
941
941
941